[20, 3, 1, 2, 9, 18]
[1, 2, 3, 9, 18, 20]
[1, 2, 3, 9, 18, 20]
true


[12, 20, 12, 20, 5]
[12, 5, 12, 20, 20]
[5, 12, 12, 20, 20]
false


[10, 9, 15, 3, 6, 10, 16]
[3, 6, 9, 10, 10, 15, 16]
[3, 6, 9, 10, 10, 15, 16]
true


[20, 9, 6]
[9, 6, 20]
[6, 9, 20]
false


[9, 19, 4, 10, 1, 10, 8]
[1, 4, 8, 9, 10, 10, 19]
[1, 4, 8, 9, 10, 10, 19]
true


[7, 20, 1, 7]
[1, 7, 7, 20]
[1, 7, 7, 20]
true


[12, 2, 13, 7, 12, 19, 3, 6]
[2, 3, 6, 7, 12, 12, 13, 19]
[2, 3, 6, 7, 12, 12, 13, 19]
true


[5, 12, 13]
[5, 12, 13]
[5, 12, 13]
true


[15, 6, 20, 15, 6, 10, 16, 10, 1, 20, 13]
[1, 6, 6, 10, 10, 13, 15, 15, 16, 20, 20]
[1, 6, 6, 10, 10, 13, 15, 15, 16, 20, 20]
true


[2, 19, 19, 9, 14]
[2, 9, 14, 19, 19]
[2, 9, 14, 19, 19]
true